  -0.761   -0.641   -0.099    0.128   -0.298    0.946   -0.636    0.707    0.309   19.330    0.037   32.295      1
   0.235    0.953    0.192    0.696   -0.026   -0.718   -0.679    0.302   -0.669   -0.985   23.937   83.680      2
   0.541   -0.601   -0.588    0.743    0.669   -0.000    0.393   -0.437    0.809    8.575   21.547   90.850      3
  -0.304   -0.286    0.909   -0.812   -0.420   -0.405    0.497   -0.861   -0.105   43.230   32.302   38.270      4
   0.936   -0.194   -0.294   -0.338   -0.260   -0.905    0.099    0.946   -0.309   32.475   -4.743   19.150      5
  -0.124   -0.599   -0.791   -0.893   -0.281    0.352   -0.433    0.750   -0.500   22.915   -4.743   71.730      6
  -0.357   -0.684    0.636   -0.086    0.702    0.707   -0.930    0.198   -0.309   14.550   -8.328   44.245      7
   0.414    0.651   -0.636   -0.651   -0.277   -0.707   -0.636    0.707    0.309    3.795   29.912   26.320      8
  -0.235    0.953   -0.192    0.696    0.026   -0.718   -0.679   -0.302   -0.669   -8.155    1.232   64.560      9
  -0.367    0.009    0.930    0.523    0.829    0.198   -0.769    0.559   -0.309   43.230  -20.278   50.220     10
   0.978    0.000   -0.208    0.000   -1.000   -0.000   -0.208    0.000   -0.978   15.745   14.377   25.125     11
   0.505   -0.549   -0.665    0.549   -0.390    0.739   -0.665   -0.739    0.105  -14.130   -1.158   52.610     12
  -0.078    0.989    0.126   -0.914   -0.122    0.387    0.398   -0.085    0.914  -12.935    6.012   80.095     13
  -0.047    0.927    0.372    0.733   -0.221    0.644    0.679    0.302   -0.669   52.790    0.037   74.120     14
   0.009    0.232   -0.973    0.418   -0.885   -0.207   -0.909   -0.405   -0.105   50.400    0.037   76.510     15
   0.895   -0.325   -0.307   -0.325    0.001   -0.946    0.307    0.946   -0.105   33.670   -7.133   19.150     16
   0.840    0.218    0.497    0.448    0.241   -0.861   -0.307    0.946    0.105   -4.570   35.887   43.050     17
   0.807    0.504    0.307   -0.317   -0.068    0.946    0.497   -0.861    0.105   -4.570   33.497   75.315     18
  -0.078    0.914   -0.398   -0.989   -0.122   -0.085   -0.126    0.387    0.914   56.375    0.037   72.925     19
   0.331    0.158    0.930   -0.815    0.545    0.198   -0.476   -0.824    0.309   49.205   33.497   46.635     20
   0.335    0.579   -0.743    0.866   -0.500   -0.000   -0.372   -0.644   -0.669   37.255   28.717   84.875     21
  -0.113   -0.993   -0.043    0.910   -0.087   -0.405    0.398   -0.085    0.914   24.110   45.447   60.975     22
   0.807    0.504   -0.307   -0.317   -0.068   -0.946   -0.497    0.861    0.105   19.330   -9.523   28.710     23
   0.753    0.397   -0.525    0.654   -0.544    0.525   -0.078   -0.739   -0.669   46.815    4.817   75.315     24
   0.835   -0.372    0.407   -0.407   -0.914    0.000    0.372   -0.165   -0.914   30.085   16.767   89.655     25
  -0.067   -0.992   -0.102    0.815    0.004   -0.579    0.575   -0.122    0.809    6.185   37.082   84.875     26
   0.753    0.397    0.525   -0.654    0.544    0.525   -0.078   -0.739    0.669   48.010   32.302   71.730     27
   0.367   -0.009   -0.930    0.523    0.829    0.198    0.769   -0.559    0.309   20.525   -9.523   55.000     28
   0.603    0.751    0.268    0.548   -0.147   -0.824   -0.579    0.644   -0.500   19.330   -4.743   35.880     29
  -0.684   -0.679   -0.268    0.203   -0.530    0.824   -0.701    0.509    0.500   14.550   25.132   19.150     30
  -0.339   -0.141    0.930    0.141    0.970    0.198   -0.930    0.198   -0.309   -8.155   13.182   52.610     31
   0.250   -0.866   -0.433    0.433    0.500   -0.750    0.866   -0.000    0.500  -15.325   29.912   62.170     32
  -0.807   -0.504   -0.307    0.317    0.068   -0.946    0.497   -0.861    0.105   53.985   16.767   74.120     33
  -0.489    0.104    0.866    0.208    0.978    0.000   -0.847    0.180   -0.500   50.400   10.792   80.095     34
  -0.124   -0.893   -0.433   -0.599   -0.281    0.750   -0.791    0.352   -0.500   27.695   -9.523   74.120     35
  -0.166    0.694    0.701   -0.798    0.323   -0.509   -0.579   -0.644    0.500   19.330   -3.548   31.100     36
  -0.009   -0.418   -0.909   -0.232    0.885   -0.405    0.973    0.207   -0.105   15.745   -3.548   35.880     37
   0.901   -0.030    0.433   -0.342    0.566    0.750   -0.268   -0.824    0.500   15.745   -8.328   51.415     38
   0.493   -0.560    0.665    0.330   -0.587   -0.739    0.805    0.585   -0.105   12.160    8.402   27.515     39
   0.272    0.957   -0.102    0.798   -0.165    0.579    0.537   -0.239   -0.809    1.405   16.767   31.100     40
   0.732    0.674    0.104    0.147   -0.007   -0.989   -0.665    0.739   -0.105   -9.350   22.742   76.510     41
   0.887    0.158   -0.433    0.452   -0.483    0.750   -0.091   -0.861   -0.500  -10.545    7.207   50.220     42
   0.457   -0.407    0.791    0.203    0.914    0.352   -0.866    0.000    0.500   62.350   14.377   65.755     43
   0.867   -0.331    0.372   -0.016   -0.765   -0.644    0.497    0.552   -0.669   58.765   22.742   38.270     44
   0.625    0.307   -0.718    0.602   -0.775    0.192   -0.497   -0.552   -0.669   56.375   11.987   69.340     45
  -0.156   -0.984   -0.091   -0.508    0.001    0.861   -0.847    0.180   -0.500   45.620   11.987   17.955     46
  -0.531   -0.303   -0.791   -0.009    0.936   -0.352    0.847   -0.180   -0.500   38.450   27.522   84.875     47
  -0.836    0.463   -0.294    0.273    0.816    0.509    0.476    0.345   -0.809   28.890   45.447   47.830     48
  -0.173   -0.503   -0.847   -0.796    0.577   -0.180    0.579    0.644   -0.500   19.330   -8.328   28.710     49
  -0.783    0.614    0.102    0.549    0.603    0.579    0.294    0.509   -0.809   10.965    9.597   25.125     50
  -0.930   -0.253   -0.268   -0.357    0.441    0.824   -0.091    0.861   -0.500   -5.765   17.962   75.315     51
   0.896    0.352    0.272    0.427   -0.852   -0.302    0.126    0.387   -0.914  -12.935   13.182   68.145     52
   0.370   -0.909   -0.192   -0.578   -0.388    0.718   -0.727   -0.155   -0.669   56.375   28.717   40.660     53
   0.894   -0.208   -0.398    0.190    0.978   -0.085    0.407   -0.000    0.914   51.595   29.912   53.805     54
  -0.816    0.170    0.552    0.328    0.923    0.201   -0.476    0.345   -0.809   49.205   21.547   37.075     55
   0.724   -0.478   -0.497   -0.478    0.172   -0.861    0.497    0.861   -0.105   48.010   35.887   60.975     56
   0.816   -0.170    0.552   -0.328   -0.923    0.201    0.476   -0.345   -0.809   45.620   -5.938   71.730     57
   0.467    0.435    0.769   -0.163   -0.813    0.559    0.869   -0.387   -0.309   45.620  -13.108   66.950     58
   0.211   -0.448    0.869   -0.854    0.348    0.387   -0.476   -0.824   -0.309   34.865  -20.278   46.635     59
  -0.414   -0.904    0.104    0.052   -0.138   -0.989    0.909   -0.405    0.105   28.890   -8.328   70.535     60
  -0.400    0.121   -0.909   -0.770    0.494    0.405    0.497    0.861   -0.105   21.720    0.037   21.540     61
  -0.807    0.317    0.497   -0.504    0.068   -0.861   -0.307   -0.946    0.105   20.525   45.447   55.000     62
   0.522    0.102    0.847   -0.102   -0.978    0.180    0.847   -0.180   -0.500   18.135   44.252   59.780     63
   0.434   -0.860    0.268    0.566    0.030   -0.824    0.701    0.509    0.500   14.550   29.912   87.265     64
  -0.760   -0.342    0.552   -0.277    0.940    0.201   -0.588    0.000   -0.809   -0.985   -5.938   66.950     65
   0.095    0.294   -0.951    0.951   -0.309   -0.000   -0.294   -0.905   -0.309  -11.740   11.987   56.195     66
   0.875    0.385    0.294   -0.385    0.184    0.905    0.294   -0.905    0.309   69.520   16.767   62.170     67
   0.819   -0.231    0.525    0.526    0.668   -0.525   -0.230    0.707    0.669   63.545   21.547   43.050     68
   0.192    0.313   -0.930   -0.457    0.867    0.198    0.869    0.387    0.309   58.765    4.817   69.340     69
   0.856   -0.143   -0.497    0.507    0.038    0.861   -0.104   -0.989    0.105   57.570   22.742   76.510     70
  -0.583   -0.723   -0.372   -0.723    0.252    0.644   -0.372    0.644   -0.669   55.180  -15.498   70.535     71
   0.476   -0.765   -0.433   -0.661    0.013   -0.750    0.579    0.644   -0.500   53.985   23.937   69.340     72
   0.102   -0.022   -0.995   -0.208   -0.978   -0.000   -0.973    0.207   -0.105   52.790   25.132   52.610     73
  -0.102   -0.973    0.208   -0.995    0.105    0.000   -0.022   -0.207   -0.978   48.010   23.937   35.880     74
   0.448   -0.497   -0.743    0.743    0.669   -0.000    0.497   -0.552    0.669   46.815   28.717   43.050     75
  -0.064   -0.899   -0.433    0.528   -0.399    0.750   -0.847   -0.180    0.500   44.425    4.817   77.705     76
   0.867   -0.039   -0.497   -0.488    0.142   -0.861    0.104    0.989    0.105   27.695    6.012   22.735     77
  -0.316   -0.790    0.525   -0.610    0.593    0.525   -0.727   -0.155   -0.669   27.695  -16.693   29.905     78
  -0.904    0.312   -0.294   -0.424   -0.749    0.509   -0.061    0.585    0.809   12.160    9.597   28.710     79
   0.831    0.389   -0.398   -0.389    0.917    0.085    0.398    0.085    0.914   -2.180    0.037   80.095     80
  -0.675   -0.686    0.272   -0.736    0.605   -0.302    0.043   -0.405   -0.914   -5.765   -3.548   55.000     81
  -0.373   -0.880    0.294    0.840   -0.186    0.509   -0.393    0.437    0.809   -8.155   26.327   77.705     82
  -0.747    0.193    0.636    0.465   -0.533    0.707    0.476    0.824    0.309   -9.350   23.937   74.120     83
  -0.384   -0.791   -0.476   -0.510   -0.247    0.824   -0.769    0.559   -0.309   -9.350   21.547   84.875     84
   0.934    0.203   -0.294    0.203    0.375    0.905    0.294   -0.905    0.309  -12.935   19.157   58.585     85
  -0.601    0.729   -0.329   -0.693   -0.680   -0.239   -0.398    0.085    0.914  -20.105   15.572   66.950     86
   0.717    0.283   -0.636    0.689   -0.158    0.707    0.099   -0.946   -0.309   74.300    1.232   58.585     87
   0.339   -0.141    0.930   -0.141    0.970    0.198   -0.930   -0.198    0.309   71.910   13.182   49.025     88
   0.887    0.158    0.433   -0.452    0.483    0.750   -0.091   -0.861    0.500   67.130   -2.353   76.510     89
   0.052   -0.091   -0.995   -0.866   -0.500   -0.000   -0.497    0.861   -0.105   56.375    1.232   21.540     90
   0.518    0.491    0.701    0.119   -0.852    0.509    0.847   -0.180   -0.500   44.425   19.157   83.680     91
   0.357   -0.684   -0.636    0.086    0.702   -0.707    0.930    0.198    0.309   43.230   29.912   35.880     92
  -0.746   -0.505    0.433    0.609   -0.257    0.750   -0.268    0.824    0.500   37.255   47.837   72.925     93
   0.791   -0.168   -0.588    0.208    0.978   -0.000    0.575   -0.122    0.809   37.255   43.057   69.340     94
   0.625    0.650   -0.433    0.650   -0.125    0.750    0.433   -0.750   -0.500   33.670  -20.278   51.415     95
  -0.807   -0.317   -0.497    0.504    0.068   -0.861    0.307   -0.946    0.105   32.475   45.447   56.195     96
  -0.842    0.122    0.525   -0.209    0.825   -0.525   -0.497   -0.552   -0.669   32.475   13.182   26.320     97
  -0.576    0.811    0.104    0.146   -0.023    0.989    0.805    0.585   -0.105   30.085  -15.498   46.635     98
   0.763    0.336    0.552   -0.513    0.834    0.201   -0.393   -0.437    0.809   30.085  -16.693   60.975     99
   0.636    0.713   -0.294    0.056   -0.423   -0.905   -0.769    0.559   -0.309   25.305   45.447   63.365    100
   0.009    0.232    0.973    0.418   -0.885    0.207    0.909    0.405   -0.105   25.305   21.547   89.655    101
  -0.205   -0.557    0.805   -0.108   -0.804   -0.585    0.973   -0.207    0.105   20.525   44.252   55.000    102
  -0.558    0.524   -0.644    0.826    0.423   -0.372    0.078   -0.739   -0.669   19.330   11.987   26.320    103
   0.522   -0.102    0.847    0.102   -0.978   -0.180    0.847    0.180   -0.500   14.550   -5.938   29.905    104
  -0.845    0.525   -0.099   -0.244   -0.214    0.946    0.476    0.824    0.309    9.770   -5.938   38.270    105
   0.063   -0.891   -0.450   -0.917    0.126   -0.378    0.393    0.437   -0.809    7.380   46.642   60.975    106
   0.209    0.825   -0.525   -0.842   -0.122   -0.525   -0.497    0.552    0.669    4.990   40.667   82.485    107
   0.175   -0.322    0.930   -0.980    0.038    0.198   -0.099   -0.946   -0.309    3.795   28.717   84.875    108
  -0.917   -0.018   -0.398    0.018    0.996   -0.085    0.398   -0.085   -0.914    0.210   19.157   86.070    109
   0.811    0.082   -0.579    0.394    0.656    0.644    0.433   -0.750    0.500   -0.985   23.937   25.125    110
   0.791    0.168   -0.588   -0.208    0.978   -0.000    0.575    0.122    0.809   -8.155   35.887   66.950    111
   0.901    0.224    0.372    0.174   -0.971    0.165    0.398   -0.085   -0.914  -10.545   -1.158   52.610    112
   0.526    0.668   -0.525    0.819   -0.231    0.525    0.230   -0.707   -0.669  -11.740   26.327   64.560    113
   0.366   -0.650    0.665   -0.201    0.643    0.739   -0.909   -0.405    0.105  -17.715   15.572   70.535    114
  -0.901    0.342   -0.268    0.030   -0.566   -0.824   -0.433   -0.750    0.500   56.375   25.132   40.660    115
   0.492   -0.787    0.372   -0.870   -0.465    0.165    0.043   -0.405   -0.914   53.985  -22.668   49.025    116
  -0.282    0.869    0.407   -0.951   -0.309    0.000    0.126   -0.387    0.914   51.595    3.622   76.510    117
  -0.256   -0.928    0.272   -0.892    0.335    0.302   -0.372   -0.165   -0.914   50.400   20.352   33.490    118
   0.771    0.033    0.636    0.565    0.425   -0.707   -0.294    0.905    0.309   48.010    9.597   80.095    119
   0.217   -0.971    0.104    0.080    0.124    0.989   -0.973   -0.207    0.105   42.035    3.622   77.705    120
  -0.457   -0.203    0.866   -0.407    0.914    0.000   -0.791   -0.352   -0.500   36.060   -2.353   17.955    121
  -0.696    0.026    0.718   -0.235   -0.953   -0.192    0.679   -0.302    0.669   27.695    4.817   86.070    122
  -0.380    0.456    0.805   -0.642    0.496   -0.585   -0.665   -0.739    0.105   26.500    1.232   22.735    123
  -0.949   -0.117    0.294    0.259   -0.821    0.509    0.182    0.559    0.809   25.305  -15.498   50.220    124
   0.810    0.522   -0.268   -0.089    0.560    0.824    0.579   -0.644    0.500   24.110  -11.913   41.855    125
  -0.507   -0.861   -0.043   -0.796    0.449    0.405   -0.329    0.239   -0.914   21.720   -8.328   26.320    126
   0.696    0.026    0.718    0.235   -0.953   -0.192    0.679    0.302   -0.669   19.330   49.032   68.145    127
   0.302   -0.064   -0.951    0.208    0.978   -0.000    0.930   -0.198    0.309   18.135   -9.523   52.610    128
   0.420   -0.720   -0.552    0.906    0.373    0.201    0.061   -0.585    0.809   16.940    4.817   20.345    129
   0.810   -0.522    0.268   -0.089   -0.560   -0.824    0.579    0.644   -0.500   15.745   -4.743   28.710    130
   0.491   -0.595    0.636    0.062   -0.705   -0.707    0.869    0.387   -0.309   13.355   29.912   88.460    131
  -0.362    0.389   -0.847    0.493    0.851    0.180    0.791   -0.352   -0.500   12.160   -5.938   41.855    132
   0.558   -0.524   -0.644    0.826    0.423    0.372    0.078   -0.739    0.669    7.380   27.522   89.655    133
   0.414    0.904   -0.104   -0.052    0.138    0.989    0.909   -0.405    0.105    3.795   14.377   28.710    134
  -0.684   -0.203   -0.701    0.679   -0.530   -0.509   -0.268   -0.824    0.500    3.795    8.402   33.490    135
  -0.316   -0.503   -0.805    0.273    0.764   -0.585    0.909   -0.405   -0.105    3.795   -9.523   57.390    136
  -0.250   -0.433   -0.866   -0.866    0.500   -0.000    0.433    0.750   -0.500    1.405    8.402   28.710    137
  -0.196   -0.975   -0.104    0.123    0.081   -0.989    0.973   -0.207    0.105   -3.375    2.427   39.465    138
  -0.684    0.679    0.268   -0.203   -0.530    0.824    0.701    0.509    0.500   -5.765   33.497   37.075    139
  -0.173    0.796    0.579   -0.503   -0.577    0.644    0.847   -0.180    0.500   -6.960   28.717   88.460    140
   0.942    0.318   -0.104    0.132   -0.067    0.989    0.307   -0.946   -0.105   -6.960   21.547   75.315    141
  -0.776   -0.388   -0.497   -0.388   -0.328    0.861   -0.497    0.861    0.105  -10.545   37.082   52.610    142
   0.975    0.181    0.126    0.217   -0.896   -0.387    0.043    0.405   -0.914  -10.545   16.767   80.095    143
   0.809    0.000   -0.588    0.000   -1.000   -0.000   -0.588    0.000   -0.809  -10.545   14.377   75.315    144
   0.277   -0.525   -0.805    0.525   -0.618    0.585   -0.805   -0.585    0.105  -11.740   20.352   68.145    145
  -0.416   -0.035   -0.909   -0.856   -0.323    0.405   -0.307    0.946    0.105  -15.325   11.987   55.000    146
   0.540    0.551   -0.636   -0.694   -0.136   -0.707   -0.476    0.824    0.309   73.105   11.987   66.950    147
  -0.178   -0.148   -0.973   -0.378   -0.902    0.207   -0.909    0.405    0.105   63.545    9.597   74.120    148
   0.871   -0.393   -0.294   -0.121    0.409   -0.905    0.476    0.824    0.309   63.545  -11.913   69.340    149
  -0.482    0.826    0.294    0.419   -0.077    0.905    0.769    0.559   -0.309   59.960    0.037   71.730    150
  -0.856    0.143   -0.497   -0.507   -0.038    0.861    0.104    0.989    0.105   58.765  -19.083   41.855    151
   0.052   -0.497    0.866    0.995    0.105    0.000   -0.091    0.861    0.500   57.570   32.302   44.245    152
  -0.018    0.713   -0.701    0.713   -0.482   -0.509   -0.701   -0.509   -0.500   57.570    7.207   76.510    153
  -0.104    0.950   -0.294    0.352   -0.241   -0.905   -0.930   -0.198   -0.309   55.180    7.207   78.900    154
  -0.085   -0.588    0.805   -0.061    0.809    0.585   -0.995    0.000   -0.105   51.595   13.182   76.510    155
   0.489    0.104   -0.866    0.208   -0.978   -0.000   -0.847   -0.180   -0.500   50.400   28.717   64.560    156
  -0.814    0.580   -0.043    0.545    0.735   -0.405   -0.203   -0.352   -0.914   50.400   20.352   34.685    157
  -0.205   -0.557   -0.805    0.108    0.804   -0.585    0.973   -0.207   -0.105   49.205   25.132   70.535    158
  -0.770   -0.519    0.372   -0.605    0.779   -0.165   -0.203   -0.352   -0.914   48.010   13.182   77.705    159
  -0.836   -0.463   -0.294    0.273   -0.816    0.509   -0.476    0.345    0.809   48.010    8.402   78.900    160
  -0.371   -0.589   -0.718   -0.708    0.680   -0.192    0.601    0.437   -0.669   45.620    8.402   76.510    161
   0.655   -0.397   -0.644    0.720    0.586    0.372    0.230   -0.707    0.669   42.035   23.937   32.295    162
   0.033    0.850    0.525    0.798    0.294   -0.525   -0.601    0.437   -0.669   40.840   34.692   88.460    163
  -0.608    0.543    0.579    0.067    0.762   -0.644   -0.791   -0.352   -0.500   40.840  -15.498   64.560    164
  -0.975   -0.181    0.126   -0.217    0.896   -0.387   -0.043   -0.405   -0.914   36.060   -4.743   74.120    165
   0.988   -0.115   -0.104   -0.115   -0.092   -0.989    0.104    0.989   -0.105   33.670    8.402   21.540    166
   0.686    0.119    0.718   -0.031   -0.981    0.192    0.727   -0.155   -0.669   31.280    2.427   17.955    167
  -0.807    0.317    0.497   -0.504    0.068   -0.861   -0.307   -0.946    0.105   30.085   44.252   80.095    168
   0.302    0.208   -0.930   -0.064    0.978    0.198    0.951   -0.000    0.309   28.890   -7.133   83.680    169
   0.009   -0.418    0.909   -0.232   -0.885   -0.405    0.973   -0.207   -0.105   25.305   45.447   60.975    170
  -0.371    0.589    0.718    0.708    0.680   -0.192   -0.601    0.437   -0.669   24.110  -10.718   51.415    171
  -0.173   -0.966    0.192   -0.646    0.259    0.718   -0.743    0.000   -0.669   22.915   39.472   89.655    172
  -0.867   -0.488   -0.104    0.039    0.142   -0.989    0.497   -0.861   -0.105   22.915   -4.743   28.710    173
   0.533    0.262    0.805    0.788    0.192   -0.585   -0.307    0.946   -0.105   21.720   41.862   44.245    174
   0.371    0.589    0.718   -0.708    0.680   -0.192   -0.601   -0.437    0.669   19.330   49.032   55.000    175
  -0.362    0.389    0.847   -0.493   -0.851    0.180    0.791   -0.352    0.500   19.330   44.252   66.950    176
   0.465    0.879   -0.102    0.747   -0.328    0.579    0.476   -0.345   -0.809   19.330    3.622   25.125    177
   0.205    0.108   -0.973    0.557    0.804    0.207    0.805   -0.585    0.105   18.135   -8.328   53.805    178
  -0.307   -0.848   -0.433   -0.644   -0.150    0.750   -0.701    0.509   -0.500   14.550   43.057   56.195    179
  -0.685    0.660   -0.307   -0.296    0.133    0.946    0.665    0.739    0.105   14.550   41.862   52.610    180
   0.420   -0.788   -0.450   -0.889   -0.258   -0.378    0.182    0.559   -0.809   12.160   44.252   43.050    181
  -0.255   -0.794   -0.552    0.883   -0.423    0.201   -0.393   -0.437    0.809   10.965    6.012   26.320    182
  -0.673    0.238   -0.701    0.238   -0.827   -0.509   -0.701   -0.509    0.500   10.965    1.232   34.685    183
   0.493    0.041   -0.869   -0.728    0.566   -0.387    0.476    0.824    0.309    8.575    2.427   31.100    184
   0.063   -0.891    0.450   -0.917    0.126    0.378   -0.393   -0.437   -0.809    8.575   -5.938   45.440    185
   0.856   -0.143    0.497   -0.507   -0.038    0.861   -0.104   -0.989   -0.105    7.380   43.057   55.000    186
   0.414   -0.724   -0.552    0.776    0.598   -0.201    0.476   -0.345    0.809    4.990   39.472   47.830    187
  -0.473    0.758   -0.450   -0.668   -0.641   -0.378   -0.575    0.122    0.809    3.795   15.572   23.930    188
   0.541    0.601   -0.588    0.743   -0.669   -0.000   -0.393   -0.437   -0.809    2.600   -8.328   72.925    189
  -0.871   -0.393    0.294   -0.121   -0.409   -0.905    0.476   -0.824    0.309   -4.570    1.232   55.000    190
   0.965    0.243   -0.102   -0.256    0.774   -0.579   -0.061    0.585    0.809  -10.545   31.107   74.120    191
  -0.162    0.385    0.909    0.571   -0.714    0.405    0.805    0.585   -0.105  -10.545   15.572   66.950    192
  -0.634   -0.077    0.769    0.610    0.562    0.559   -0.476    0.824   -0.309  -10.545   15.572   62.170    193
  -0.609    0.061    0.791   -0.372    0.859   -0.352   -0.701   -0.509   -0.500  -10.545   11.987   69.340    194
   0.086    0.215    0.973   -0.741   -0.638    0.207    0.665   -0.739    0.105  -11.740   19.157   63.365    195
   0.995    0.009   -0.104    0.009    0.984    0.180    0.104   -0.180    0.978  -15.325   23.937   59.780    196
  -0.223    0.712    0.665   -0.063    0.671   -0.739   -0.973   -0.207   -0.105   77.885   17.962   58.585    197
   0.349   -0.401    0.847   -0.898   -0.401    0.180    0.268   -0.824   -0.500   64.740    4.817   75.315    198
   0.655    0.476   -0.588   -0.588    0.809   -0.000    0.476    0.345    0.809   64.740   -3.548   69.340    199
   0.277    0.525   -0.805    0.525    0.618    0.585    0.805   -0.585   -0.105   64.740   -7.133   22.735    200
  -0.676   -0.487    0.552   -0.675    0.709   -0.201   -0.294   -0.509   -0.809   61.155   26.327   58.585    201
   0.113    0.988   -0.104   -0.979    0.093   -0.180   -0.168    0.122    0.978   61.155    3.622   70.535    202
  -0.711    0.554   -0.433   -0.056   -0.659   -0.750   -0.701   -0.509    0.500   59.960    3.622   72.925    203
   0.250   -0.433    0.866   -0.866   -0.500    0.000    0.433   -0.750   -0.500   58.765    0.037   78.900    204
  -0.414   -0.651   -0.636   -0.651   -0.277    0.707   -0.636    0.707   -0.309   57.570   11.987   77.705    205
  -0.992    0.072    0.099   -0.072    0.317   -0.946   -0.099   -0.946   -0.309   56.375   32.302   47.830    206
   0.799    0.592   -0.104   -0.570    0.801    0.180    0.190   -0.085    0.978   56.375   -4.743   76.510    207
   0.317    0.947   -0.043    0.873   -0.274    0.405    0.372   -0.165   -0.914   55.180   21.547   68.145    208
   0.491    0.062   -0.869   -0.595   -0.705   -0.387   -0.636    0.707   -0.309   53.985   25.132   63.365    209
   0.676    0.487    0.552    0.675   -0.709   -0.201    0.294    0.509   -0.809   52.790   34.692   43.050    210
  -0.463   -0.610   -0.644    0.507   -0.778    0.372   -0.727   -0.155    0.669   49.205   26.327   71.730    211
   0.845   -0.244    0.476    0.525    0.214   -0.824    0.099    0.946    0.309   49.205    7.207   77.705    212
  -0.866   -0.500   -0.000   -0.335    0.579    0.743   -0.372    0.644   -0.669   48.010   16.767   84.875    213
  -0.252   -0.910   -0.329   -0.910    0.339   -0.239    0.329    0.239   -0.914   46.815   -2.353   74.120    214
   0.047    0.529   -0.847    0.962    0.203    0.180    0.268   -0.824   -0.500   45.620   26.327   78.900    215
  -0.467    0.367   -0.805    0.731   -0.351   -0.585   -0.497   -0.861   -0.105   45.620    0.037   19.150    216
  -0.583   -0.186    0.791   -0.186   -0.917   -0.352    0.791   -0.352    0.500   44.425   10.792   84.875    217
  -0.493   -0.560    0.665   -0.330   -0.587   -0.739    0.805   -0.585    0.105   44.425    6.012   87.265    218
   0.917   -0.018   -0.398    0.018   -0.996    0.085   -0.398   -0.085   -0.914   37.255   33.497   83.680    219
   0.300   -0.394   -0.869    0.908   -0.163    0.387   -0.294   -0.905    0.309   37.255   28.717   32.295    220
  -0.952   -0.083   -0.294   -0.083   -0.857    0.509   -0.294    0.509    0.809   31.280  -17.888   43.050    221
   0.609   -0.618    0.497   -0.432    0.267    0.861   -0.665   -0.739   -0.105   28.890   27.522   89.655    222
   0.223    0.712    0.665    0.063    0.671   -0.739   -0.973    0.207    0.105   25.305   39.472   94.435    223
   0.291    0.223    0.930    0.910   -0.363   -0.198    0.294    0.905   -0.309   25.305   39.472   83.680    224
  -0.995   -0.052   -0.091   -0.052   -0.505    0.861   -0.091    0.861    0.500   24.110   20.352   23.930    225
   0.143   -0.622   -0.769    0.622   -0.548    0.559   -0.769   -0.559    0.309   22.915   41.862   86.070    226
   0.627    0.341   -0.701    0.774   -0.377    0.509   -0.091   -0.861   -0.500   21.720  -14.303   32.295    227
   0.747   -0.465    0.476   -0.193    0.533    0.824   -0.636   -0.707    0.309   20.525   44.252   75.315    228
  -0.840   -0.218    0.497   -0.448   -0.241   -0.861    0.307   -0.946    0.105   20.525  -13.108   65.755    229
   0.463    0.610   -0.644   -0.507    0.778    0.372    0.727    0.155    0.669   19.330   19.157   22.735    230
   0.113   -0.482   -0.869   -0.763    0.518   -0.387    0.636    0.707   -0.309   19.330  -11.913   32.295    231
   0.684   -0.203    0.701    0.679    0.530   -0.509   -0.268    0.824    0.500   18.135   44.252   64.560    232
   0.247    0.858   -0.450    0.923   -0.067    0.378    0.294   -0.509   -0.809   15.745   -2.353   27.515    233
   0.032   -0.099    0.995   -0.951   -0.309    0.000    0.307   -0.946   -0.105   14.550   -2.353   37.075    234
   0.095   -0.043   -0.995   -0.407   -0.914   -0.000   -0.909    0.405   -0.105   12.160   40.667   45.440    235
   0.518   -0.491    0.701    0.119    0.852    0.509   -0.847   -0.180    0.500   12.160    1.232   29.905    236
  -0.646    0.259   -0.718    0.173    0.966    0.192    0.743   -0.000   -0.669   12.160  -10.718   49.025    237
   0.548   -0.329    0.769   -0.329    0.761    0.559   -0.769   -0.559    0.309   10.965   -5.938   39.465    238
  -0.273   -0.659    0.701   -0.456    0.730    0.509   -0.847   -0.180   -0.500    9.770   13.182   92.045    239
   0.250    0.769   -0.588   -0.951    0.309   -0.000    0.182    0.559    0.809    7.380    3.622   28.710    240
   0.529   -0.843   -0.102   -0.657   -0.483    0.579   -0.537   -0.239   -0.809    7.380    1.232   35.880    241
  -0.505   -0.857    0.104   -0.857    0.484   -0.180    0.104   -0.180   -0.978    6.185   46.642   55.000    242
   0.743    0.669    0.000   -0.448    0.497   -0.743   -0.497    0.552    0.669    6.185    7.207   28.710    243
  -0.273    0.456   -0.847   -0.659   -0.730   -0.180   -0.701    0.509    0.500    4.990   39.472   49.025    244
  -0.541    0.393    0.743   -0.588   -0.809    0.000    0.601   -0.437    0.669    2.600   41.862   63.365    245
   0.791    0.168    0.588    0.208   -0.978    0.000    0.575    0.122   -0.809    2.600   31.107   83.680    246
  -0.039   -0.593    0.805    0.228    0.779    0.585   -0.973    0.207    0.105    2.600   15.572   33.490    247
  -0.070    0.078   -0.995    0.743    0.669   -0.000    0.665   -0.739   -0.105    1.405    7.207   35.880    248
  -0.129   -0.858   -0.497   -0.193   -0.470    0.861   -0.973    0.207   -0.105   -0.985    4.817   43.050    249
  -0.943   -0.041   -0.329   -0.041   -0.970    0.239   -0.329    0.239    0.914   -2.180   45.447   51.415    250
  -0.491    0.595   -0.636    0.062   -0.705   -0.707   -0.869   -0.387    0.309   -2.180   38.277   31.100    251
  -0.147   -0.917    0.372    0.671   -0.369   -0.644    0.727    0.155    0.669   -3.375   23.937   77.705    252
   0.807    0.504    0.307   -0.317   -0.068    0.946    0.497   -0.861    0.105   -4.570   32.302   75.315    253
   0.978   -0.000    0.208    0.000    1.000    0.000   -0.208    0.000    0.978   -4.570   23.937   31.100    254
   0.039   -0.228   -0.973   -0.593    0.779   -0.207    0.805    0.585   -0.105   -5.765    8.402   77.705    255
   0.400    0.770   -0.497    0.121    0.494    0.861    0.909   -0.405    0.105   -9.350   29.912   83.680    256
   0.761    0.641   -0.099    0.128   -0.298   -0.946   -0.636    0.707   -0.309   -9.350    7.207   53.805    257
  -0.739   -0.537    0.407    0.588   -0.809    0.000    0.329    0.239    0.914  -10.545   19.157   64.560    258
  -0.467   -0.435    0.769   -0.163   -0.813   -0.559    0.869   -0.387    0.309  -11.740   15.572   60.975    259
  -0.070    0.743   -0.665   -0.078   -0.669   -0.739   -0.995    0.000    0.105  -15.325   22.742   64.560    260
  -0.489   -0.208   -0.847    0.104   -0.978    0.180   -0.866    0.000    0.500   65.935   -3.548   34.685    261
  -0.646   -0.259   -0.718    0.173   -0.966    0.192   -0.743    0.000    0.669   64.740   19.157   57.390    262
  -0.102    0.973   -0.208   -0.995   -0.105   -0.000   -0.022    0.207    0.978   63.545    7.207   69.340    263
   0.975    0.198    0.104    0.214   -0.960   -0.180    0.064    0.198   -0.978   59.960    8.402   69.340    264
   0.865   -0.463    0.192    0.446    0.535   -0.718    0.230    0.707    0.669   58.765  -22.668   44.245    265
   0.178   -0.378   -0.909    0.148   -0.902    0.405   -0.973   -0.207   -0.105   57.570    2.427   75.315    266
  -0.238    0.897   -0.372   -0.763    0.064    0.644    0.601    0.437    0.669   56.375  -17.888   39.465    267
   0.032    0.099   -0.995    0.951   -0.309   -0.000   -0.307   -0.946   -0.105   55.180   13.182   74.120    268
   0.122    0.346   -0.930    0.627   -0.754   -0.198   -0.769   -0.559   -0.309   52.790    0.037   75.315    269
  -0.032    0.951    0.307    0.099    0.309   -0.946   -0.995    0.000   -0.105   51.595   10.792   78.900    270
  -0.335   -0.743    0.579    0.372   -0.669   -0.644    0.866   -0.000    0.500   50.400   31.107   82.485    271
  -0.250   -0.769   -0.588    0.951   -0.309   -0.000   -0.182   -0.559    0.809   49.205   33.497   47.830    272
   0.992   -0.072   -0.099   -0.072    0.317   -0.946    0.099    0.946    0.309   49.205   14.377   77.705    273
   0.095    0.407    0.909   -0.043    0.914   -0.405   -0.995    0.000    0.105   48.010  -17.888   63.365    274
   0.819    0.493   -0.294    0.570   -0.645    0.509    0.061   -0.585   -0.809   46.815    7.207   75.315    275
   0.599   -0.445    0.665    0.445   -0.505   -0.739    0.665    0.739   -0.105   46.815    1.232   74.120    276
   0.452   -0.412   -0.791    0.887    0.298    0.352    0.091   -0.861    0.500   44.425   22.742   34.685    277
   0.155    0.866   -0.476    0.268   -0.500   -0.824   -0.951    0.000   -0.309   44.425  -22.668   50.220    278
   0.065    0.977   -0.203   -0.926    0.135    0.352    0.372    0.165    0.914   43.230  -27.448   50.220    279
   0.753    0.397    0.525    0.654   -0.544   -0.525    0.078    0.739   -0.669   42.035   28.717   80.095    280
  -0.528   -0.309    0.791    0.806   -0.476    0.352    0.268    0.824    0.500   39.645   -4.743   77.705    281
  -0.949   -0.297    0.104    0.067    0.131    0.989   -0.307    0.946   -0.105   37.255   46.642   66.950    282
  -0.585    0.101    0.805    0.750   -0.308    0.585    0.307    0.946    0.105   33.670   45.447   75.315    283
  -0.542    0.835   -0.091   -0.464   -0.208    0.861    0.701    0.509    0.500   31.280   -3.548   20.345    284
  -0.548   -0.783   -0.294   -0.783    0.357    0.509   -0.294    0.509   -0.809   31.280  -20.278   41.855    285
   0.994    0.037   -0.102    0.089   -0.811    0.579   -0.061   -0.585   -0.809   31.280  -26.253   49.025    286
   0.662    0.674   -0.329    0.748   -0.619    0.239   -0.043   -0.405   -0.914   28.890   22.742   90.850    287
   0.235    0.953    0.192    0.696   -0.026   -0.718   -0.679    0.302   -0.669   28.890  -10.718   66.950    288
   0.728   -0.612    0.307    0.163   -0.281   -0.946    0.665    0.739   -0.105   27.695   16.767   25.125    289
  -0.216    0.931    0.294    0.789    0.343   -0.509   -0.575    0.122   -0.809   26.500   23.937   22.735    290
   0.216   -0.931    0.294    0.789    0.343    0.509   -0.575    0.122    0.809   26.500  -15.498   63.365    291
   0.039    0.593    0.805   -0.228   -0.779    0.585    0.973   -0.207    0.105   25.305   49.032   69.340    292
  -0.636    0.713   -0.294   -0.056   -0.423   -0.905   -0.769   -0.559    0.309   25.305   14.377   26.320    293
  -0.867    0.039   -0.497   -0.488    0.142    0.861    0.104    0.989   -0.105   24.110   28.717   96.825    294
  -0.032   -0.307   -0.951    0.995   -0.105   -0.000   -0.099   -0.946    0.309   24.110  -11.913   60.975    295
   0.338   -0.901    0.272    0.919    0.253   -0.302    0.203    0.352    0.914   22.915    6.012   21.540    296
   0.763   -0.064    0.644    0.238   -0.897   -0.372    0.601    0.437   -0.669   21.720   47.837   64.560    297
  -0.362   -0.493   -0.791    0.389   -0.851    0.352   -0.847   -0.180    0.500   21.720    7.207   26.320    298
  -0.531    0.009    0.847    0.303    0.936    0.180   -0.791    0.352   -0.500   21.720  -11.913   41.855    299
   0.405   -0.294    0.866   -0.588   -0.809    0.000    0.701   -0.509   -0.500   20.525   41.862   55.000    300
   0.063   -0.891    0.450    0.917   -0.126   -0.378    0.393    0.437    0.809   19.330   39.472   86.070    301
   0.296   -0.706    0.644   -0.927   -0.051    0.372   -0.230   -0.707   -0.669   18.135   43.057   82.485    302
  -0.255    0.794   -0.552   -0.883   -0.423   -0.201   -0.393    0.437    0.809   18.135   43.057   51.415    303
   0.304    0.286    0.909    0.812    0.420   -0.405   -0.497    0.861   -0.105   18.135   41.862   43.050    304
   0.763   -0.064   -0.644   -0.238    0.897   -0.372    0.601    0.437    0.669   15.745   10.792   90.850    305
   0.009   -0.418   -0.909    0.232    0.885   -0.405    0.973   -0.207    0.105   15.745   -7.133   41.855    306
  -0.253    0.333   -0.909   -0.333    0.852    0.405    0.909    0.405   -0.105   14.550   -2.353   33.490    307
   0.124   -0.884   -0.450   -0.871   -0.314    0.378   -0.476    0.345   -0.809   13.355   -8.328   40.660    308
  -0.576    0.763    0.294   -0.581   -0.635    0.509    0.575    0.122    0.809   13.355   -8.328   37.075    309
  -0.857    0.441    0.268   -0.441   -0.357   -0.824   -0.268   -0.824    0.500   12.160    0.037   34.685    310
  -0.282    0.126   -0.951   -0.407   -0.914   -0.000   -0.869    0.387    0.309    9.770   -7.133   55.000    311
  -0.655    0.397    0.644    0.720    0.586    0.372   -0.230    0.707   -0.669    9.770   -8.328   58.585    312
   0.673   -0.493   -0.552    0.466    0.862   -0.201    0.575   -0.122    0.809    8.575   17.962   21.540    313
  -0.893    0.438    0.102   -0.411   -0.704   -0.579   -0.182   -0.559    0.809    6.185   14.377   32.295    314
   0.879   -0.346   -0.329    0.432    0.870    0.239    0.203   -0.352    0.914    3.795   41.862   43.050    315
  -0.046    0.695    0.718   -0.972    0.134   -0.192   -0.230   -0.707    0.669    3.795   26.327   27.515    316
   0.270   -0.723    0.636   -0.579    0.406    0.707   -0.769   -0.559   -0.309    2.600   -3.548   51.415    317
   0.892   -0.030   -0.450   -0.221   -0.899   -0.378   -0.393    0.437   -0.809    0.210    2.427   40.660    318
  -0.877    0.063    0.476   -0.469   -0.318   -0.824    0.099   -0.946    0.309   -3.375   -7.133   64.560    319
  -0.039   -0.228   -0.973    0.593    0.779   -0.207    0.805   -0.585    0.105   -4.570    0.037   82.485    320
   0.750    0.633    0.192   -0.547    0.430    0.718    0.372   -0.644    0.669   -5.765   16.767   78.900    321
   0.361   -0.339    0.869    0.067   -0.920   -0.387    0.930    0.198   -0.309   -5.765    7.207   33.490    322
  -0.930    0.253    0.268    0.357    0.441    0.824    0.091    0.861   -0.500   -6.960   41.862   53.805    323
  -0.673   -0.733    0.104   -0.737    0.651   -0.180    0.064   -0.198   -0.978   -6.960   33.497   76.510    324
  -0.673   -0.733   -0.104   -0.737    0.651    0.180   -0.064    0.198   -0.978   -6.960   27.522   77.705    325
   0.871    0.121    0.476    0.393    0.409   -0.824   -0.294    0.905    0.309   -8.155   31.107   87.265    326
  -0.597   -0.711    0.372    0.711   -0.683   -0.165    0.372    0.165    0.914   -8.155   26.327   72.925    327
   0.984    0.156   -0.091   -0.156    0.484   -0.861   -0.091    0.861    0.500   -9.350   29.912   81.290    328
  -0.747    0.465   -0.476   -0.193    0.533    0.824    0.636    0.707   -0.309   -9.350   21.547   81.290    329
  -0.611    0.272    0.743    0.407    0.914    0.000   -0.679    0.302   -0.669   -9.350   20.352   68.145    330
  -0.816    0.170    0.552    0.328    0.923    0.201   -0.476    0.345   -0.809   -9.350   17.962   70.535    331
   0.949    0.297   -0.104    0.067    0.131    0.989    0.307   -0.946    0.105  -11.740   22.742   66.950    332
  -0.250    0.588   -0.769   -0.182   -0.809   -0.559   -0.951    0.000    0.309  -11.740   21.547   72.925    333
   0.746   -0.008    0.665   -0.657    0.147    0.739   -0.104   -0.989    0.105  -12.935   25.132   69.340    334
   0.240   -0.654    0.718    0.834    0.518    0.192   -0.497    0.552    0.669  -17.715   13.182   65.755    335
   0.655   -0.727    0.208    0.743    0.669    0.000   -0.139    0.155    0.978  -17.715    9.597   53.805    336
  -0.984   -0.156   -0.091    0.156   -0.484   -0.861    0.091   -0.861    0.500   76.690    8.402   43.050    337
  -0.711   -0.056   -0.701    0.554   -0.659   -0.509   -0.433   -0.750    0.500   64.740    7.207   66.950    338
   0.732   -0.147   -0.665    0.674    0.007    0.739   -0.104   -0.989    0.105   58.765   13.182   76.510    339
   0.085    0.061    0.995    0.588   -0.809    0.000    0.805    0.585   -0.105   57.570   16.767   72.925    340
  -0.155   -0.476   -0.866    0.951   -0.309   -0.000   -0.268   -0.824    0.500   56.375   11.987   29.905    341
  -0.493    0.560    0.665   -0.330    0.587   -0.739   -0.805   -0.585   -0.105   56.375    4.817   74.120    342
   0.540   -0.551   -0.636   -0.694    0.136   -0.707    0.476    0.824   -0.309   55.180    7.207   74.120    343
  -0.032   -0.307    0.951   -0.995    0.105    0.000   -0.099   -0.946   -0.309   52.790   29.912   51.415    344
  -0.031   -0.981   -0.192   -0.686   -0.119    0.718   -0.727    0.155   -0.669   52.790   21.547   34.685    345
  -0.467   -0.163   -0.869    0.435    0.813   -0.387    0.769   -0.559   -0.309   52.790   16.767   71.730    346
   0.084   -0.829    0.552    0.952    0.230    0.201   -0.294    0.509    0.809   52.790   14.377   75.315    347
