   0.978    0.000   -0.208    0.000   -1.000   -0.000   -0.208    0.000   -0.978   15.745   14.377   25.125     11
   0.505   -0.549   -0.665    0.549   -0.390    0.739   -0.665   -0.739    0.105  -14.130   -1.158   52.610     12
  -0.078    0.989    0.126   -0.914   -0.122    0.387    0.398   -0.085    0.914  -12.935    6.012   80.095     13
  -0.047    0.927    0.372    0.733   -0.221    0.644    0.679    0.302   -0.669   52.790    0.037   74.120     14
   0.009    0.232   -0.973    0.418   -0.885   -0.207   -0.909   -0.405   -0.105   50.400    0.037   76.510     15
   0.895   -0.325   -0.307   -0.325    0.001   -0.946    0.307    0.946   -0.105   33.670   -7.133   19.150     16
   0.840    0.218    0.497    0.448    0.241   -0.861   -0.307    0.946    0.105   -4.570   35.887   43.050     17
   0.807    0.504    0.307   -0.317   -0.068    0.946    0.497   -0.861    0.105   -4.570   33.497   75.315     18
  -0.078    0.914   -0.398   -0.989   -0.122   -0.085   -0.126    0.387    0.914   56.375    0.037   72.925     19
   0.331    0.158    0.930   -0.815    0.545    0.198   -0.476   -0.824    0.309   49.205   33.497   46.635     20
   0.335    0.579   -0.743    0.866   -0.500   -0.000   -0.372   -0.644   -0.669   37.255   28.717   84.875     21
  -0.113   -0.993   -0.043    0.910   -0.087   -0.405    0.398   -0.085    0.914   24.110   45.447   60.975     22
   0.807    0.504   -0.307   -0.317   -0.068   -0.946   -0.497    0.861    0.105   19.330   -9.523   28.710     23
   0.753    0.397   -0.525    0.654   -0.544    0.525   -0.078   -0.739   -0.669   46.815    4.817   75.315     24
   0.835   -0.372    0.407   -0.407   -0.914    0.000    0.372   -0.165   -0.914   30.085   16.767   89.655     25
  -0.067   -0.992   -0.102    0.815    0.004   -0.579    0.575   -0.122    0.809    6.185   37.082   84.875     26
   0.753    0.397    0.525   -0.654    0.544    0.525   -0.078   -0.739    0.669   48.010   32.302   71.730     27
   0.367   -0.009   -0.930    0.523    0.829    0.198    0.769   -0.559    0.309   20.525   -9.523   55.000     28
   0.603    0.751    0.268    0.548   -0.147   -0.824   -0.579    0.644   -0.500   19.330   -4.743   35.880     29
  -0.684   -0.679   -0.268    0.203   -0.530    0.824   -0.701    0.509    0.500   14.550   25.132   19.150     30
  -0.339   -0.141    0.930    0.141    0.970    0.198   -0.930    0.198   -0.309   -8.155   13.182   52.610     31
   0.250   -0.866   -0.433    0.433    0.500   -0.750    0.866   -0.000    0.500  -15.325   29.912   62.170     32
  -0.807   -0.504   -0.307    0.317    0.068   -0.946    0.497   -0.861    0.105   53.985   16.767   74.120     33
  -0.489    0.104    0.866    0.208    0.978    0.000   -0.847    0.180   -0.500   50.400   10.792   80.095     34
  -0.124   -0.893   -0.433   -0.599   -0.281    0.750   -0.791    0.352   -0.500   27.695   -9.523   74.120     35
  -0.166    0.694    0.701   -0.798    0.323   -0.509   -0.579   -0.644    0.500   19.330   -3.548   31.100     36
  -0.009   -0.418   -0.909   -0.232    0.885   -0.405    0.973    0.207   -0.105   15.745   -3.548   35.880     37
   0.901   -0.030    0.433   -0.342    0.566    0.750   -0.268   -0.824    0.500   15.745   -8.328   51.415     38
   0.493   -0.560    0.665    0.330   -0.587   -0.739    0.805    0.585   -0.105   12.160    8.402   27.515     39
   0.272    0.957   -0.102    0.798   -0.165    0.579    0.537   -0.239   -0.809    1.405   16.767   31.100     40
   0.732    0.674    0.104    0.147   -0.007   -0.989   -0.665    0.739   -0.105   -9.350   22.742   76.510     41
   0.887    0.158   -0.433    0.452   -0.483    0.750   -0.091   -0.861   -0.500  -10.545    7.207   50.220     42
   0.457   -0.407    0.791    0.203    0.914    0.352   -0.866    0.000    0.500   62.350   14.377   65.755     43
   0.867   -0.331    0.372   -0.016   -0.765   -0.644    0.497    0.552   -0.669   58.765   22.742   38.270     44
   0.625    0.307   -0.718    0.602   -0.775    0.192   -0.497   -0.552   -0.669   56.375   11.987   69.340     45
  -0.156   -0.984   -0.091   -0.508    0.001    0.861   -0.847    0.180   -0.500   45.620   11.987   17.955     46
  -0.531   -0.303   -0.791   -0.009    0.936   -0.352    0.847   -0.180   -0.500   38.450   27.522   84.875     47
  -0.836    0.463   -0.294    0.273    0.816    0.509    0.476    0.345   -0.809   28.890   45.447   47.830     48
  -0.173   -0.503   -0.847   -0.796    0.577   -0.180    0.579    0.644   -0.500   19.330   -8.328   28.710     49
  -0.783    0.614    0.102    0.549    0.603    0.579    0.294    0.509   -0.809   10.965    9.597   25.125     50
  -0.930   -0.253   -0.268   -0.357    0.441    0.824   -0.091    0.861   -0.500   -5.765   17.962   75.315     51
   0.896    0.352    0.272    0.427   -0.852   -0.302    0.126    0.387   -0.914  -12.935   13.182   68.145     52
   0.370   -0.909   -0.192   -0.578   -0.388    0.718   -0.727   -0.155   -0.669   56.375   28.717   40.660     53
   0.894   -0.208   -0.398    0.190    0.978   -0.085    0.407   -0.000    0.914   51.595   29.912   53.805     54
  -0.816    0.170    0.552    0.328    0.923    0.201   -0.476    0.345   -0.809   49.205   21.547   37.075     55
   0.724   -0.478   -0.497   -0.478    0.172   -0.861    0.497    0.861   -0.105   48.010   35.887   60.975     56
   0.816   -0.170    0.552   -0.328   -0.923    0.201    0.476   -0.345   -0.809   45.620   -5.938   71.730     57
   0.467    0.435    0.769   -0.163   -0.813    0.559    0.869   -0.387   -0.309   45.620  -13.108   66.950     58
   0.211   -0.448    0.869   -0.854    0.348    0.387   -0.476   -0.824   -0.309   34.865  -20.278   46.635     59
  -0.414   -0.904    0.104    0.052   -0.138   -0.989    0.909   -0.405    0.105   28.890   -8.328   70.535     60
  -0.400    0.121   -0.909   -0.770    0.494    0.405    0.497    0.861   -0.105   21.720    0.037   21.540     61
  -0.807    0.317    0.497   -0.504    0.068   -0.861   -0.307   -0.946    0.105   20.525   45.447   55.000     62
   0.522    0.102    0.847   -0.102   -0.978    0.180    0.847   -0.180   -0.500   18.135   44.252   59.780     63
   0.434   -0.860    0.268    0.566    0.030   -0.824    0.701    0.509    0.500   14.550   29.912   87.265     64
  -0.760   -0.342    0.552   -0.277    0.940    0.201   -0.588    0.000   -0.809   -0.985   -5.938   66.950     65
   0.095    0.294   -0.951    0.951   -0.309   -0.000   -0.294   -0.905   -0.309  -11.740   11.987   56.195     66
   0.875    0.385    0.294   -0.385    0.184    0.905    0.294   -0.905    0.309   69.520   16.767   62.170     67
   0.819   -0.231    0.525    0.526    0.668   -0.525   -0.230    0.707    0.669   63.545   21.547   43.050     68
   0.192    0.313   -0.930   -0.457    0.867    0.198    0.869    0.387    0.309   58.765    4.817   69.340     69
   0.856   -0.143   -0.497    0.507    0.038    0.861   -0.104   -0.989    0.105   57.570   22.742   76.510     70
  -0.583   -0.723   -0.372   -0.723    0.252    0.644   -0.372    0.644   -0.669   55.180  -15.498   70.535     71
   0.476   -0.765   -0.433   -0.661    0.013   -0.750    0.579    0.644   -0.500   53.985   23.937   69.340     72
   0.102   -0.022   -0.995   -0.208   -0.978   -0.000   -0.973    0.207   -0.105   52.790   25.132   52.610     73
  -0.102   -0.973    0.208   -0.995    0.105    0.000   -0.022   -0.207   -0.978   48.010   23.937   35.880     74
   0.448   -0.497   -0.743    0.743    0.669   -0.000    0.497   -0.552    0.669   46.815   28.717   43.050     75
  -0.064   -0.899   -0.433    0.528   -0.399    0.750   -0.847   -0.180    0.500   44.425    4.817   77.705     76
   0.867   -0.039   -0.497   -0.488    0.142   -0.861    0.104    0.989    0.105   27.695    6.012   22.735     77
  -0.316   -0.790    0.525   -0.610    0.593    0.525   -0.727   -0.155   -0.669   27.695  -16.693   29.905     78
  -0.904    0.312   -0.294   -0.424   -0.749    0.509   -0.061    0.585    0.809   12.160    9.597   28.710     79
   0.831    0.389   -0.398   -0.389    0.917    0.085    0.398    0.085    0.914   -2.180    0.037   80.095     80
  -0.675   -0.686    0.272   -0.736    0.605   -0.302    0.043   -0.405   -0.914   -5.765   -3.548   55.000     81
  -0.373   -0.880    0.294    0.840   -0.186    0.509   -0.393    0.437    0.809   -8.155   26.327   77.705     82
  -0.747    0.193    0.636    0.465   -0.533    0.707    0.476    0.824    0.309   -9.350   23.937   74.120     83
  -0.384   -0.791   -0.476   -0.510   -0.247    0.824   -0.769    0.559   -0.309   -9.350   21.547   84.875     84
   0.934    0.203   -0.294    0.203    0.375    0.905    0.294   -0.905    0.309  -12.935   19.157   58.585     85
  -0.601    0.729   -0.329   -0.693   -0.680   -0.239   -0.398    0.085    0.914  -20.105   15.572   66.950     86
   0.717    0.283   -0.636    0.689   -0.158    0.707    0.099   -0.946   -0.309   74.300    1.232   58.585     87
   0.339   -0.141    0.930   -0.141    0.970    0.198   -0.930   -0.198    0.309   71.910   13.182   49.025     88
   0.887    0.158    0.433   -0.452    0.483    0.750   -0.091   -0.861    0.500   67.130   -2.353   76.510     89
   0.052   -0.091   -0.995   -0.866   -0.500   -0.000   -0.497    0.861   -0.105   56.375    1.232   21.540     90
   0.518    0.491    0.701    0.119   -0.852    0.509    0.847   -0.180   -0.500   44.425   19.157   83.680     91
   0.357   -0.684   -0.636    0.086    0.702   -0.707    0.930    0.198    0.309   43.230   29.912   35.880     92
  -0.746   -0.505    0.433    0.609   -0.257    0.750   -0.268    0.824    0.500   37.255   47.837   72.925     93
   0.791   -0.168   -0.588    0.208    0.978   -0.000    0.575   -0.122    0.809   37.255   43.057   69.340     94
   0.625    0.650   -0.433    0.650   -0.125    0.750    0.433   -0.750   -0.500   33.670  -20.278   51.415     95
  -0.807   -0.317   -0.497    0.504    0.068   -0.861    0.307   -0.946    0.105   32.475   45.447   56.195     96
  -0.842    0.122    0.525   -0.209    0.825   -0.525   -0.497   -0.552   -0.669   32.475   13.182   26.320     97
  -0.576    0.811    0.104    0.146   -0.023    0.989    0.805    0.585   -0.105   30.085  -15.498   46.635     98
   0.763    0.336    0.552   -0.513    0.834    0.201   -0.393   -0.437    0.809   30.085  -16.693   60.975     99
   0.636    0.713   -0.294    0.056   -0.423   -0.905   -0.769    0.559   -0.309   25.305   45.447   63.365    100
   0.009    0.232    0.973    0.418   -0.885    0.207    0.909    0.405   -0.105   25.305   21.547   89.655    101
  -0.205   -0.557    0.805   -0.108   -0.804   -0.585    0.973   -0.207    0.105   20.525   44.252   55.000    102
  -0.558    0.524   -0.644    0.826    0.423   -0.372    0.078   -0.739   -0.669   19.330   11.987   26.320    103
   0.522   -0.102    0.847    0.102   -0.978   -0.180    0.847    0.180   -0.500   14.550   -5.938   29.905    104
  -0.845    0.525   -0.099   -0.244   -0.214    0.946    0.476    0.824    0.309    9.770   -5.938   38.270    105
   0.063   -0.891   -0.450   -0.917    0.126   -0.378    0.393    0.437   -0.809    7.380   46.642   60.975    106
   0.209    0.825   -0.525   -0.842   -0.122   -0.525   -0.497    0.552    0.669    4.990   40.667   82.485    107
   0.175   -0.322    0.930   -0.980    0.038    0.198   -0.099   -0.946   -0.309    3.795   28.717   84.875    108
  -0.917   -0.018   -0.398    0.018    0.996   -0.085    0.398   -0.085   -0.914    0.210   19.157   86.070    109
   0.811    0.082   -0.579    0.394    0.656    0.644    0.433   -0.750    0.500   -0.985   23.937   25.125    110
